{
 "cells": [
  {
   "cell_type": "code",
   "execution_count": 6,
   "metadata": {},
   "outputs": [],
   "source": [
    "#scolha pelo menos 20 ações candidatas da bolsa brasileira (B3). Para isso, use o critério que preferir.\n",
    "\n",
    "#escolhi ações que estavam subindo sua cotação na b3 e de diferentes setores \\\n",
    "\n",
    "acoes =['MLAS3.SA','VALE3.SA','ABEV3.SA','AZUL4.SA','GOLL4.SA','PETR4.SA','AERI3.SA','BBDC4.SA','ITSA4.SA','PSSA3.SA','CXSE3.SA','OIBR4.SA','DESK3.SA','CBAV3.SA','PGMN3.SA','VVEO3.SA','RADL3.SA','SAPR11.SA','CBAV3.SA','CLSC4.SA']\n"
   ]
  },
  {
   "cell_type": "code",
   "execution_count": 7,
   "metadata": {},
   "outputs": [],
   "source": [
    "# criando portifólio \n",
    "import pandas as pd \n",
    "import yfinance as yf \n",
    "\n",
    "#pegando a primeira acao escolhida CLSC4\n",
    "acao1 = acoes[19]\n",
    "ticker=yf.Ticker(acoes[19])\n",
    "data1= ticker.history(period='18mo')\n",
    "\n",
    "\n",
    "#colocando investimento inicial e adicionando uma coluna com o valor \n",
    "investimento_inicial = 1000 # reais\n",
    "n_acoes1 = investimento_inicial / data1.iloc[0]['Close']\n",
    "data1['Valor investido'] = n_acoes1 * data1['Close']\n",
    "\n",
    "#colocando esse valor no meu portifólio\n",
    "datap = pd.DataFrame()\n",
    "datap['Valor investido'] = data1['Valor investido'] \n"
   ]
  },
  {
   "cell_type": "code",
   "execution_count": 32,
   "metadata": {},
   "outputs": [
    {
     "name": "stdout",
     "output_type": "stream",
     "text": [
      "-12.685844178201178\n"
     ]
    }
   ],
   "source": [
    "\n",
    "\n",
    "#calculando o retorno do portifólio\n",
    "ret_totalp = (datap.iloc[-1]['Valor investido']/datap.iloc[0]['Valor investido'] - 1)\n",
    "\n",
    "#calculando o desvio padrão do portifólio pelo desvio do retorno diario\n",
    "retp = datap['Valor investido'].pct_change()\n",
    "sigmap= retp.std()\n",
    "\n",
    "#calculando sharpee do portifolio\n",
    "sharpep = ret_totalp/sigmap\n",
    "\n",
    "print(sharpep)\n"
   ]
  },
  {
   "cell_type": "code",
   "execution_count": 30,
   "metadata": {},
   "outputs": [
    {
     "name": "stdout",
     "output_type": "stream",
     "text": [
      "-0.06829172218022528\n"
     ]
    },
    {
     "data": {
      "text/html": [
       "<div>\n",
       "<style scoped>\n",
       "    .dataframe tbody tr th:only-of-type {\n",
       "        vertical-align: middle;\n",
       "    }\n",
       "\n",
       "    .dataframe tbody tr th {\n",
       "        vertical-align: top;\n",
       "    }\n",
       "\n",
       "    .dataframe thead th {\n",
       "        text-align: right;\n",
       "    }\n",
       "</style>\n",
       "<table border=\"1\" class=\"dataframe\">\n",
       "  <thead>\n",
       "    <tr style=\"text-align: right;\">\n",
       "      <th></th>\n",
       "      <th>CLSC4.SA</th>\n",
       "      <th>MLAS3.SA</th>\n",
       "      <th>VALE3.SA</th>\n",
       "      <th>ABEV3.SA</th>\n",
       "      <th>AZUL4.SA</th>\n",
       "      <th>GOLL4.SA</th>\n",
       "      <th>PETR4.SA</th>\n",
       "      <th>AERI3.SA</th>\n",
       "      <th>BBDC4.SA</th>\n",
       "      <th>ITSA4.SA</th>\n",
       "      <th>PSSA3.SA</th>\n",
       "      <th>CXSE3.SA</th>\n",
       "      <th>OIBR4.SA</th>\n",
       "      <th>DESK3.SA</th>\n",
       "      <th>CBAV3.SA</th>\n",
       "      <th>PGMN3.SA</th>\n",
       "      <th>VVEO3.SA</th>\n",
       "      <th>RADL3.SA</th>\n",
       "      <th>SAPR11.SA</th>\n",
       "    </tr>\n",
       "  </thead>\n",
       "  <tbody>\n",
       "    <tr>\n",
       "      <th>CLSC4.SA</th>\n",
       "      <td>1.000000</td>\n",
       "      <td>0.077152</td>\n",
       "      <td>0.115953</td>\n",
       "      <td>0.143695</td>\n",
       "      <td>0.181820</td>\n",
       "      <td>0.151419</td>\n",
       "      <td>0.187424</td>\n",
       "      <td>0.126201</td>\n",
       "      <td>0.239736</td>\n",
       "      <td>0.208673</td>\n",
       "      <td>0.165915</td>\n",
       "      <td>0.191502</td>\n",
       "      <td>0.039971</td>\n",
       "      <td>0.096049</td>\n",
       "      <td>0.205770</td>\n",
       "      <td>0.118304</td>\n",
       "      <td>0.196360</td>\n",
       "      <td>0.133984</td>\n",
       "      <td>0.188669</td>\n",
       "    </tr>\n",
       "    <tr>\n",
       "      <th>MLAS3.SA</th>\n",
       "      <td>0.077152</td>\n",
       "      <td>1.000000</td>\n",
       "      <td>0.105887</td>\n",
       "      <td>0.196868</td>\n",
       "      <td>0.299410</td>\n",
       "      <td>0.320015</td>\n",
       "      <td>0.159304</td>\n",
       "      <td>0.357249</td>\n",
       "      <td>0.238804</td>\n",
       "      <td>0.285888</td>\n",
       "      <td>0.245029</td>\n",
       "      <td>0.202738</td>\n",
       "      <td>0.152879</td>\n",
       "      <td>0.376191</td>\n",
       "      <td>0.155836</td>\n",
       "      <td>0.442129</td>\n",
       "      <td>0.338727</td>\n",
       "      <td>0.273674</td>\n",
       "      <td>0.209290</td>\n",
       "    </tr>\n",
       "    <tr>\n",
       "      <th>VALE3.SA</th>\n",
       "      <td>0.115953</td>\n",
       "      <td>0.105887</td>\n",
       "      <td>1.000000</td>\n",
       "      <td>0.112501</td>\n",
       "      <td>0.104144</td>\n",
       "      <td>0.168553</td>\n",
       "      <td>0.261959</td>\n",
       "      <td>0.103172</td>\n",
       "      <td>0.230802</td>\n",
       "      <td>0.258776</td>\n",
       "      <td>0.038806</td>\n",
       "      <td>0.130629</td>\n",
       "      <td>0.073956</td>\n",
       "      <td>0.097052</td>\n",
       "      <td>0.550482</td>\n",
       "      <td>0.154997</td>\n",
       "      <td>0.152409</td>\n",
       "      <td>0.025734</td>\n",
       "      <td>-0.038053</td>\n",
       "    </tr>\n",
       "    <tr>\n",
       "      <th>ABEV3.SA</th>\n",
       "      <td>0.143695</td>\n",
       "      <td>0.196868</td>\n",
       "      <td>0.112501</td>\n",
       "      <td>1.000000</td>\n",
       "      <td>0.355146</td>\n",
       "      <td>0.405037</td>\n",
       "      <td>0.207055</td>\n",
       "      <td>0.163776</td>\n",
       "      <td>0.369930</td>\n",
       "      <td>0.438875</td>\n",
       "      <td>0.253312</td>\n",
       "      <td>0.277084</td>\n",
       "      <td>0.168651</td>\n",
       "      <td>0.213772</td>\n",
       "      <td>0.153300</td>\n",
       "      <td>0.270250</td>\n",
       "      <td>0.206542</td>\n",
       "      <td>0.374362</td>\n",
       "      <td>0.216828</td>\n",
       "    </tr>\n",
       "    <tr>\n",
       "      <th>AZUL4.SA</th>\n",
       "      <td>0.181820</td>\n",
       "      <td>0.299410</td>\n",
       "      <td>0.104144</td>\n",
       "      <td>0.355146</td>\n",
       "      <td>1.000000</td>\n",
       "      <td>0.873958</td>\n",
       "      <td>0.214838</td>\n",
       "      <td>0.307957</td>\n",
       "      <td>0.401858</td>\n",
       "      <td>0.402711</td>\n",
       "      <td>0.281045</td>\n",
       "      <td>0.299699</td>\n",
       "      <td>0.173205</td>\n",
       "      <td>0.359466</td>\n",
       "      <td>0.254790</td>\n",
       "      <td>0.392716</td>\n",
       "      <td>0.318191</td>\n",
       "      <td>0.371382</td>\n",
       "      <td>0.225239</td>\n",
       "    </tr>\n",
       "    <tr>\n",
       "      <th>GOLL4.SA</th>\n",
       "      <td>0.151419</td>\n",
       "      <td>0.320015</td>\n",
       "      <td>0.168553</td>\n",
       "      <td>0.405037</td>\n",
       "      <td>0.873958</td>\n",
       "      <td>1.000000</td>\n",
       "      <td>0.275380</td>\n",
       "      <td>0.368437</td>\n",
       "      <td>0.431685</td>\n",
       "      <td>0.455970</td>\n",
       "      <td>0.316443</td>\n",
       "      <td>0.330059</td>\n",
       "      <td>0.159961</td>\n",
       "      <td>0.402344</td>\n",
       "      <td>0.333892</td>\n",
       "      <td>0.437068</td>\n",
       "      <td>0.377713</td>\n",
       "      <td>0.405199</td>\n",
       "      <td>0.289725</td>\n",
       "    </tr>\n",
       "    <tr>\n",
       "      <th>PETR4.SA</th>\n",
       "      <td>0.187424</td>\n",
       "      <td>0.159304</td>\n",
       "      <td>0.261959</td>\n",
       "      <td>0.207055</td>\n",
       "      <td>0.214838</td>\n",
       "      <td>0.275380</td>\n",
       "      <td>1.000000</td>\n",
       "      <td>0.110457</td>\n",
       "      <td>0.305863</td>\n",
       "      <td>0.372547</td>\n",
       "      <td>0.194177</td>\n",
       "      <td>0.248419</td>\n",
       "      <td>0.127133</td>\n",
       "      <td>0.139260</td>\n",
       "      <td>0.256899</td>\n",
       "      <td>0.179582</td>\n",
       "      <td>0.230412</td>\n",
       "      <td>0.112323</td>\n",
       "      <td>0.167644</td>\n",
       "    </tr>\n",
       "    <tr>\n",
       "      <th>AERI3.SA</th>\n",
       "      <td>0.126201</td>\n",
       "      <td>0.357249</td>\n",
       "      <td>0.103172</td>\n",
       "      <td>0.163776</td>\n",
       "      <td>0.307957</td>\n",
       "      <td>0.368437</td>\n",
       "      <td>0.110457</td>\n",
       "      <td>1.000000</td>\n",
       "      <td>0.255231</td>\n",
       "      <td>0.279288</td>\n",
       "      <td>0.203711</td>\n",
       "      <td>0.213920</td>\n",
       "      <td>0.195923</td>\n",
       "      <td>0.266249</td>\n",
       "      <td>0.195152</td>\n",
       "      <td>0.380537</td>\n",
       "      <td>0.271279</td>\n",
       "      <td>0.321402</td>\n",
       "      <td>0.148284</td>\n",
       "    </tr>\n",
       "    <tr>\n",
       "      <th>BBDC4.SA</th>\n",
       "      <td>0.239736</td>\n",
       "      <td>0.238804</td>\n",
       "      <td>0.230802</td>\n",
       "      <td>0.369930</td>\n",
       "      <td>0.401858</td>\n",
       "      <td>0.431685</td>\n",
       "      <td>0.305863</td>\n",
       "      <td>0.255231</td>\n",
       "      <td>1.000000</td>\n",
       "      <td>0.744477</td>\n",
       "      <td>0.283046</td>\n",
       "      <td>0.319345</td>\n",
       "      <td>0.135127</td>\n",
       "      <td>0.294721</td>\n",
       "      <td>0.219181</td>\n",
       "      <td>0.364583</td>\n",
       "      <td>0.278577</td>\n",
       "      <td>0.345156</td>\n",
       "      <td>0.213130</td>\n",
       "    </tr>\n",
       "    <tr>\n",
       "      <th>ITSA4.SA</th>\n",
       "      <td>0.208673</td>\n",
       "      <td>0.285888</td>\n",
       "      <td>0.258776</td>\n",
       "      <td>0.438875</td>\n",
       "      <td>0.402711</td>\n",
       "      <td>0.455970</td>\n",
       "      <td>0.372547</td>\n",
       "      <td>0.279288</td>\n",
       "      <td>0.744477</td>\n",
       "      <td>1.000000</td>\n",
       "      <td>0.402709</td>\n",
       "      <td>0.425956</td>\n",
       "      <td>0.177454</td>\n",
       "      <td>0.363196</td>\n",
       "      <td>0.240726</td>\n",
       "      <td>0.395791</td>\n",
       "      <td>0.370267</td>\n",
       "      <td>0.443226</td>\n",
       "      <td>0.257653</td>\n",
       "    </tr>\n",
       "    <tr>\n",
       "      <th>PSSA3.SA</th>\n",
       "      <td>0.165915</td>\n",
       "      <td>0.245029</td>\n",
       "      <td>0.038806</td>\n",
       "      <td>0.253312</td>\n",
       "      <td>0.281045</td>\n",
       "      <td>0.316443</td>\n",
       "      <td>0.194177</td>\n",
       "      <td>0.203711</td>\n",
       "      <td>0.283046</td>\n",
       "      <td>0.402709</td>\n",
       "      <td>1.000000</td>\n",
       "      <td>0.345335</td>\n",
       "      <td>0.164980</td>\n",
       "      <td>0.285988</td>\n",
       "      <td>0.163682</td>\n",
       "      <td>0.267364</td>\n",
       "      <td>0.350739</td>\n",
       "      <td>0.287812</td>\n",
       "      <td>0.192030</td>\n",
       "    </tr>\n",
       "    <tr>\n",
       "      <th>CXSE3.SA</th>\n",
       "      <td>0.191502</td>\n",
       "      <td>0.202738</td>\n",
       "      <td>0.130629</td>\n",
       "      <td>0.277084</td>\n",
       "      <td>0.299699</td>\n",
       "      <td>0.330059</td>\n",
       "      <td>0.248419</td>\n",
       "      <td>0.213920</td>\n",
       "      <td>0.319345</td>\n",
       "      <td>0.425956</td>\n",
       "      <td>0.345335</td>\n",
       "      <td>1.000000</td>\n",
       "      <td>0.103367</td>\n",
       "      <td>0.256294</td>\n",
       "      <td>0.214950</td>\n",
       "      <td>0.268228</td>\n",
       "      <td>0.283534</td>\n",
       "      <td>0.350323</td>\n",
       "      <td>0.210131</td>\n",
       "    </tr>\n",
       "    <tr>\n",
       "      <th>OIBR4.SA</th>\n",
       "      <td>0.039971</td>\n",
       "      <td>0.152879</td>\n",
       "      <td>0.073956</td>\n",
       "      <td>0.168651</td>\n",
       "      <td>0.173205</td>\n",
       "      <td>0.159961</td>\n",
       "      <td>0.127133</td>\n",
       "      <td>0.195923</td>\n",
       "      <td>0.135127</td>\n",
       "      <td>0.177454</td>\n",
       "      <td>0.164980</td>\n",
       "      <td>0.103367</td>\n",
       "      <td>1.000000</td>\n",
       "      <td>0.146255</td>\n",
       "      <td>0.059769</td>\n",
       "      <td>0.239455</td>\n",
       "      <td>0.112810</td>\n",
       "      <td>0.126837</td>\n",
       "      <td>0.118426</td>\n",
       "    </tr>\n",
       "    <tr>\n",
       "      <th>DESK3.SA</th>\n",
       "      <td>0.096049</td>\n",
       "      <td>0.376191</td>\n",
       "      <td>0.097052</td>\n",
       "      <td>0.213772</td>\n",
       "      <td>0.359466</td>\n",
       "      <td>0.402344</td>\n",
       "      <td>0.139260</td>\n",
       "      <td>0.266249</td>\n",
       "      <td>0.294721</td>\n",
       "      <td>0.363196</td>\n",
       "      <td>0.285988</td>\n",
       "      <td>0.256294</td>\n",
       "      <td>0.146255</td>\n",
       "      <td>1.000000</td>\n",
       "      <td>0.199556</td>\n",
       "      <td>0.410391</td>\n",
       "      <td>0.342061</td>\n",
       "      <td>0.250837</td>\n",
       "      <td>0.184953</td>\n",
       "    </tr>\n",
       "    <tr>\n",
       "      <th>CBAV3.SA</th>\n",
       "      <td>0.205770</td>\n",
       "      <td>0.155836</td>\n",
       "      <td>0.550482</td>\n",
       "      <td>0.153300</td>\n",
       "      <td>0.254790</td>\n",
       "      <td>0.333892</td>\n",
       "      <td>0.256899</td>\n",
       "      <td>0.195152</td>\n",
       "      <td>0.219181</td>\n",
       "      <td>0.240726</td>\n",
       "      <td>0.163682</td>\n",
       "      <td>0.214950</td>\n",
       "      <td>0.059769</td>\n",
       "      <td>0.199556</td>\n",
       "      <td>1.000000</td>\n",
       "      <td>0.255414</td>\n",
       "      <td>0.260267</td>\n",
       "      <td>0.169431</td>\n",
       "      <td>0.014135</td>\n",
       "    </tr>\n",
       "    <tr>\n",
       "      <th>PGMN3.SA</th>\n",
       "      <td>0.118304</td>\n",
       "      <td>0.442129</td>\n",
       "      <td>0.154997</td>\n",
       "      <td>0.270250</td>\n",
       "      <td>0.392716</td>\n",
       "      <td>0.437068</td>\n",
       "      <td>0.179582</td>\n",
       "      <td>0.380537</td>\n",
       "      <td>0.364583</td>\n",
       "      <td>0.395791</td>\n",
       "      <td>0.267364</td>\n",
       "      <td>0.268228</td>\n",
       "      <td>0.239455</td>\n",
       "      <td>0.410391</td>\n",
       "      <td>0.255414</td>\n",
       "      <td>1.000000</td>\n",
       "      <td>0.356386</td>\n",
       "      <td>0.488224</td>\n",
       "      <td>0.225609</td>\n",
       "    </tr>\n",
       "    <tr>\n",
       "      <th>VVEO3.SA</th>\n",
       "      <td>0.196360</td>\n",
       "      <td>0.338727</td>\n",
       "      <td>0.152409</td>\n",
       "      <td>0.206542</td>\n",
       "      <td>0.318191</td>\n",
       "      <td>0.377713</td>\n",
       "      <td>0.230412</td>\n",
       "      <td>0.271279</td>\n",
       "      <td>0.278577</td>\n",
       "      <td>0.370267</td>\n",
       "      <td>0.350739</td>\n",
       "      <td>0.283534</td>\n",
       "      <td>0.112810</td>\n",
       "      <td>0.342061</td>\n",
       "      <td>0.260267</td>\n",
       "      <td>0.356386</td>\n",
       "      <td>1.000000</td>\n",
       "      <td>0.384043</td>\n",
       "      <td>0.269778</td>\n",
       "    </tr>\n",
       "    <tr>\n",
       "      <th>RADL3.SA</th>\n",
       "      <td>0.133984</td>\n",
       "      <td>0.273674</td>\n",
       "      <td>0.025734</td>\n",
       "      <td>0.374362</td>\n",
       "      <td>0.371382</td>\n",
       "      <td>0.405199</td>\n",
       "      <td>0.112323</td>\n",
       "      <td>0.321402</td>\n",
       "      <td>0.345156</td>\n",
       "      <td>0.443226</td>\n",
       "      <td>0.287812</td>\n",
       "      <td>0.350323</td>\n",
       "      <td>0.126837</td>\n",
       "      <td>0.250837</td>\n",
       "      <td>0.169431</td>\n",
       "      <td>0.488224</td>\n",
       "      <td>0.384043</td>\n",
       "      <td>1.000000</td>\n",
       "      <td>0.302540</td>\n",
       "    </tr>\n",
       "    <tr>\n",
       "      <th>SAPR11.SA</th>\n",
       "      <td>0.188669</td>\n",
       "      <td>0.209290</td>\n",
       "      <td>-0.038053</td>\n",
       "      <td>0.216828</td>\n",
       "      <td>0.225239</td>\n",
       "      <td>0.289725</td>\n",
       "      <td>0.167644</td>\n",
       "      <td>0.148284</td>\n",
       "      <td>0.213130</td>\n",
       "      <td>0.257653</td>\n",
       "      <td>0.192030</td>\n",
       "      <td>0.210131</td>\n",
       "      <td>0.118426</td>\n",
       "      <td>0.184953</td>\n",
       "      <td>0.014135</td>\n",
       "      <td>0.225609</td>\n",
       "      <td>0.269778</td>\n",
       "      <td>0.302540</td>\n",
       "      <td>1.000000</td>\n",
       "    </tr>\n",
       "  </tbody>\n",
       "</table>\n",
       "</div>"
      ],
      "text/plain": [
       "           CLSC4.SA  MLAS3.SA  VALE3.SA  ABEV3.SA  AZUL4.SA  GOLL4.SA  \\\n",
       "CLSC4.SA   1.000000  0.077152  0.115953  0.143695  0.181820  0.151419   \n",
       "MLAS3.SA   0.077152  1.000000  0.105887  0.196868  0.299410  0.320015   \n",
       "VALE3.SA   0.115953  0.105887  1.000000  0.112501  0.104144  0.168553   \n",
       "ABEV3.SA   0.143695  0.196868  0.112501  1.000000  0.355146  0.405037   \n",
       "AZUL4.SA   0.181820  0.299410  0.104144  0.355146  1.000000  0.873958   \n",
       "GOLL4.SA   0.151419  0.320015  0.168553  0.405037  0.873958  1.000000   \n",
       "PETR4.SA   0.187424  0.159304  0.261959  0.207055  0.214838  0.275380   \n",
       "AERI3.SA   0.126201  0.357249  0.103172  0.163776  0.307957  0.368437   \n",
       "BBDC4.SA   0.239736  0.238804  0.230802  0.369930  0.401858  0.431685   \n",
       "ITSA4.SA   0.208673  0.285888  0.258776  0.438875  0.402711  0.455970   \n",
       "PSSA3.SA   0.165915  0.245029  0.038806  0.253312  0.281045  0.316443   \n",
       "CXSE3.SA   0.191502  0.202738  0.130629  0.277084  0.299699  0.330059   \n",
       "OIBR4.SA   0.039971  0.152879  0.073956  0.168651  0.173205  0.159961   \n",
       "DESK3.SA   0.096049  0.376191  0.097052  0.213772  0.359466  0.402344   \n",
       "CBAV3.SA   0.205770  0.155836  0.550482  0.153300  0.254790  0.333892   \n",
       "PGMN3.SA   0.118304  0.442129  0.154997  0.270250  0.392716  0.437068   \n",
       "VVEO3.SA   0.196360  0.338727  0.152409  0.206542  0.318191  0.377713   \n",
       "RADL3.SA   0.133984  0.273674  0.025734  0.374362  0.371382  0.405199   \n",
       "SAPR11.SA  0.188669  0.209290 -0.038053  0.216828  0.225239  0.289725   \n",
       "\n",
       "           PETR4.SA  AERI3.SA  BBDC4.SA  ITSA4.SA  PSSA3.SA  CXSE3.SA  \\\n",
       "CLSC4.SA   0.187424  0.126201  0.239736  0.208673  0.165915  0.191502   \n",
       "MLAS3.SA   0.159304  0.357249  0.238804  0.285888  0.245029  0.202738   \n",
       "VALE3.SA   0.261959  0.103172  0.230802  0.258776  0.038806  0.130629   \n",
       "ABEV3.SA   0.207055  0.163776  0.369930  0.438875  0.253312  0.277084   \n",
       "AZUL4.SA   0.214838  0.307957  0.401858  0.402711  0.281045  0.299699   \n",
       "GOLL4.SA   0.275380  0.368437  0.431685  0.455970  0.316443  0.330059   \n",
       "PETR4.SA   1.000000  0.110457  0.305863  0.372547  0.194177  0.248419   \n",
       "AERI3.SA   0.110457  1.000000  0.255231  0.279288  0.203711  0.213920   \n",
       "BBDC4.SA   0.305863  0.255231  1.000000  0.744477  0.283046  0.319345   \n",
       "ITSA4.SA   0.372547  0.279288  0.744477  1.000000  0.402709  0.425956   \n",
       "PSSA3.SA   0.194177  0.203711  0.283046  0.402709  1.000000  0.345335   \n",
       "CXSE3.SA   0.248419  0.213920  0.319345  0.425956  0.345335  1.000000   \n",
       "OIBR4.SA   0.127133  0.195923  0.135127  0.177454  0.164980  0.103367   \n",
       "DESK3.SA   0.139260  0.266249  0.294721  0.363196  0.285988  0.256294   \n",
       "CBAV3.SA   0.256899  0.195152  0.219181  0.240726  0.163682  0.214950   \n",
       "PGMN3.SA   0.179582  0.380537  0.364583  0.395791  0.267364  0.268228   \n",
       "VVEO3.SA   0.230412  0.271279  0.278577  0.370267  0.350739  0.283534   \n",
       "RADL3.SA   0.112323  0.321402  0.345156  0.443226  0.287812  0.350323   \n",
       "SAPR11.SA  0.167644  0.148284  0.213130  0.257653  0.192030  0.210131   \n",
       "\n",
       "           OIBR4.SA  DESK3.SA  CBAV3.SA  PGMN3.SA  VVEO3.SA  RADL3.SA  \\\n",
       "CLSC4.SA   0.039971  0.096049  0.205770  0.118304  0.196360  0.133984   \n",
       "MLAS3.SA   0.152879  0.376191  0.155836  0.442129  0.338727  0.273674   \n",
       "VALE3.SA   0.073956  0.097052  0.550482  0.154997  0.152409  0.025734   \n",
       "ABEV3.SA   0.168651  0.213772  0.153300  0.270250  0.206542  0.374362   \n",
       "AZUL4.SA   0.173205  0.359466  0.254790  0.392716  0.318191  0.371382   \n",
       "GOLL4.SA   0.159961  0.402344  0.333892  0.437068  0.377713  0.405199   \n",
       "PETR4.SA   0.127133  0.139260  0.256899  0.179582  0.230412  0.112323   \n",
       "AERI3.SA   0.195923  0.266249  0.195152  0.380537  0.271279  0.321402   \n",
       "BBDC4.SA   0.135127  0.294721  0.219181  0.364583  0.278577  0.345156   \n",
       "ITSA4.SA   0.177454  0.363196  0.240726  0.395791  0.370267  0.443226   \n",
       "PSSA3.SA   0.164980  0.285988  0.163682  0.267364  0.350739  0.287812   \n",
       "CXSE3.SA   0.103367  0.256294  0.214950  0.268228  0.283534  0.350323   \n",
       "OIBR4.SA   1.000000  0.146255  0.059769  0.239455  0.112810  0.126837   \n",
       "DESK3.SA   0.146255  1.000000  0.199556  0.410391  0.342061  0.250837   \n",
       "CBAV3.SA   0.059769  0.199556  1.000000  0.255414  0.260267  0.169431   \n",
       "PGMN3.SA   0.239455  0.410391  0.255414  1.000000  0.356386  0.488224   \n",
       "VVEO3.SA   0.112810  0.342061  0.260267  0.356386  1.000000  0.384043   \n",
       "RADL3.SA   0.126837  0.250837  0.169431  0.488224  0.384043  1.000000   \n",
       "SAPR11.SA  0.118426  0.184953  0.014135  0.225609  0.269778  0.302540   \n",
       "\n",
       "           SAPR11.SA  \n",
       "CLSC4.SA    0.188669  \n",
       "MLAS3.SA    0.209290  \n",
       "VALE3.SA   -0.038053  \n",
       "ABEV3.SA    0.216828  \n",
       "AZUL4.SA    0.225239  \n",
       "GOLL4.SA    0.289725  \n",
       "PETR4.SA    0.167644  \n",
       "AERI3.SA    0.148284  \n",
       "BBDC4.SA    0.213130  \n",
       "ITSA4.SA    0.257653  \n",
       "PSSA3.SA    0.192030  \n",
       "CXSE3.SA    0.210131  \n",
       "OIBR4.SA    0.118426  \n",
       "DESK3.SA    0.184953  \n",
       "CBAV3.SA    0.014135  \n",
       "PGMN3.SA    0.225609  \n",
       "VVEO3.SA    0.269778  \n",
       "RADL3.SA    0.302540  \n",
       "SAPR11.SA   1.000000  "
      ]
     },
     "execution_count": 30,
     "metadata": {},
     "output_type": "execute_result"
    }
   ],
   "source": [
    "#calculando a correlaçao entre duas acoes\n",
    "\n",
    "\n",
    "df = pd.DataFrame()\n",
    "\n",
    "for i in range(len(acoes)):\n",
    "    acaon = acoes[i]\n",
    "    tickern = yf.Ticker(acoes[i])\n",
    "    datan= tickern.history(period='18mo')\n",
    "\n",
    "    investimento_inicial = 1000 # reais\n",
    "    n_acoesn = investimento_inicial / datan.iloc[0]['Close']\n",
    "    datan['Valor investido'] = n_acoesn * datan['Close']\n",
    "    \n",
    "    ret1 = data1['Valor investido'].pct_change()\n",
    "    retn = datan['Valor investido'].pct_change()\n",
    "\n",
    "    df[acao1] = ret1\n",
    "    df[acoes[i]] = retn\n",
    "    \n",
    "df.corr()\n",
    "\n",
    "df.corr()"
   ]
  },
  {
   "cell_type": "code",
   "execution_count": 31,
   "metadata": {},
   "outputs": [
    {
     "name": "stdout",
     "output_type": "stream",
     "text": [
      "-12.685844178201178\n"
     ]
    }
   ],
   "source": [
    "acao2 = 'OIBR4.SA'\n",
    "ticker=yf.Ticker(acao2)\n",
    "data2= ticker.history(period='18mo')\n",
    "\n",
    "acao3 = 'MLAS3.SA'\n",
    "ticker=yf.Ticker(acao3)\n",
    "data3 = ticker.history(period='18mo')\n",
    "\n",
    "acao4 = 'DESK3.SA'\n",
    "ticker=yf.Ticker(acao4)\n",
    "data4 = ticker.history(period='18mo')\n",
    "\n",
    "\n",
    "investimento_inicial = 1000 # reais\n",
    "n_acoes2 = investimento_inicial / data2.iloc[0]['Close']\n",
    "data2['Valor investido'] = n_acoes2 * data2['Close']\n",
    "\n",
    "investimento_inicial = 1000 # reais\n",
    "n_acoes3 = investimento_inicial / data3.iloc[0]['Close']\n",
    "data3['Valor investido'] = n_acoes3 * data3['Close']\n",
    "\n",
    "investimento_inicial = 1000 # reais\n",
    "n_acoes4 = investimento_inicial / data4.iloc[0]['Close']\n",
    "data4['Valor investido'] = n_acoes4 * data4['Close']\n",
    "\n",
    "\n",
    "datap['Valor investido'] = data1['Valor investido'] + data2['Valor investido'] + data3['Valor investido'] + data4['Valor investido']\n",
    "\n",
    "\n",
    "#calculando o retorno do portifólio\n",
    "ret_totalp = (datap.iloc[-1]['Valor investido']/datap.iloc[0]['Valor investido'] - 1)\n",
    "\n",
    "#calculando o desvio padrão do portifólio pelo desvio do retorno diario\n",
    "retp = datap['Valor investido'].pct_change()\n",
    "sigmap= retp.std()\n",
    "\n",
    "#calculando sharpee do portifolio\n",
    "sharpep = ret_totalp/sigmap\n",
    "\n",
    "print(sharpep)"
   ]
  }
 ],
 "metadata": {
  "kernelspec": {
   "display_name": ".venv",
   "language": "python",
   "name": "python3"
  },
  "language_info": {
   "codemirror_mode": {
    "name": "ipython",
    "version": 3
   },
   "file_extension": ".py",
   "mimetype": "text/x-python",
   "name": "python",
   "nbconvert_exporter": "python",
   "pygments_lexer": "ipython3",
   "version": "3.10.10"
  },
  "orig_nbformat": 4
 },
 "nbformat": 4,
 "nbformat_minor": 2
}
